0 0.273463 0.121406 0.080906 0.083067
0 0.470874 0.190096 0.080906 0.079872
0 0.548544 0.466454 0.080906 0.083067
0 0.915858 0.287540 0.077670 0.083067
0 0.899676 0.568690 0.077670 0.076677
1 0.234628 0.295527 0.042071 0.035144
1 0.822006 0.653355 0.032362 0.035144
3 0.236246 0.164537 0.077670 0.079872
3 0.485437 0.250799 0.084142 0.067093
3 0.470874 0.666134 0.080906 0.079872
3 0.878641 0.646965 0.080906 0.073482
4 0.763754 0.559105 0.045307 0.038339
4 0.231392 0.466454 0.042071 0.038339
4 0.300971 0.226837 0.038835 0.038339
