0 0.213592 0.169329 0.084142 0.076677
0 0.501618 0.547923 0.077670 0.086262
0 0.799353 0.306709 0.084142 0.083067
0 0.768608 0.816294 0.080906 0.079872
0 0.812298 0.782748 0.077670 0.083067
1 0.236246 0.295527 0.045307 0.035144
1 0.825243 0.653355 0.038835 0.035144
2 0.621359 0.611821 0.051780 0.047923
3 0.208738 0.204473 0.080906 0.070288
3 0.453074 0.517572 0.077670 0.076677
3 0.731392 0.867412 0.077670 0.079872
3 0.813916 0.869010 0.087379 0.083067
4 0.692557 0.642173 0.045307 0.038339
4 0.766990 0.560703 0.045307 0.035144
4 0.302589 0.226837 0.048544 0.038339
