0 0.254045 0.151757 0.080906 0.079872
0 0.545307 0.571885 0.080906 0.076677
0 0.799353 0.560703 0.084142 0.079872
0 0.770227 0.862620 0.077670 0.076677
0 0.919094 0.091054 0.071197 0.073482
1 0.852751 0.830671 0.035599 0.031949
1 0.823625 0.656550 0.042071 0.035144
2 0.619741 0.611821 0.048544 0.041534
3 0.155340 0.265176 0.084142 0.076677
3 0.449838 0.555911 0.077670 0.076677
3 0.388350 0.900958 0.077670 0.076677
3 0.343042 0.902556 0.071197 0.067093
3 0.674757 0.758786 0.080906 0.079872
4 0.694175 0.642173 0.042071 0.038339
4 0.870550 0.803514 0.038835 0.035144
4 0.839806 0.848243 0.035599 0.028754
