0 0.231392 0.148562 0.080906 0.079872
0 0.500000 0.546326 0.080906 0.076677
0 0.742718 0.884984 0.080906 0.076677
0 0.809061 0.547923 0.084142 0.079872
0 0.894822 0.327476 0.080906 0.073482
1 0.851133 0.829073 0.038835 0.035144
1 0.822006 0.653355 0.038835 0.035144
3 0.564725 0.892971 0.080906 0.079872
3 0.752427 0.841853 0.074434 0.073482
3 0.530744 0.883387 0.071197 0.073482
4 0.868932 0.805112 0.042071 0.038339
4 0.836570 0.848243 0.035599 0.028754
4 0.747573 0.739617 0.045307 0.035144
4 0.690939 0.640575 0.042071 0.035144
2 0.619741 0.610224 0.048544 0.044728
5 0.223301 0.269968 0.051780 0.047923
