0 0.210356 0.113419 0.077670 0.079872
0 0.470874 0.525559 0.080906 0.079872
0 0.708738 0.424920 0.084142 0.083067
0 0.885113 0.501597 0.080906 0.076677
1 0.851133 0.829073 0.038835 0.035144
2 0.621359 0.608626 0.045307 0.041534
3 0.368932 0.591054 0.077670 0.083067
3 0.621359 0.838658 0.084142 0.079872
3 0.711974 0.859425 0.084142 0.076677
4 0.870550 0.803514 0.045307 0.035144
4 0.836570 0.848243 0.035599 0.028754
4 0.747573 0.739617 0.045307 0.035144
4 0.692557 0.640575 0.045307 0.035144
5 0.221683 0.266773 0.048544 0.041534
