0 0.270227 0.134185 0.080906 0.083067
0 0.472492 0.543131 0.084142 0.083067
0 0.766990 0.479233 0.084142 0.083067
0 0.817152 0.801917 0.080906 0.076677
0 0.846278 0.833866 0.074434 0.070288
1 0.820388 0.656550 0.042071 0.035144
1 0.233010 0.297125 0.038835 0.038339
2 0.619741 0.610224 0.048544 0.044728
3 0.419094 0.531949 0.087379 0.079872
3 0.254045 0.143770 0.074434 0.076677
3 0.288026 0.870607 0.077670 0.079872
3 0.789644 0.856230 0.084142 0.076677
4 0.690939 0.642173 0.048544 0.044728
4 0.299353 0.228435 0.042071 0.035144
