0 0.186084 0.193291 0.080906 0.079872
0 0.480583 0.500000 0.087379 0.079872
0 0.663430 0.416933 0.077670 0.079872
0 0.915858 0.150160 0.077670 0.076677
0 0.857605 0.678914 0.077670 0.079872
1 0.854369 0.830671 0.038835 0.031949
2 0.618123 0.611821 0.045307 0.041534
3 0.415858 0.568690 0.080906 0.076677
3 0.546926 0.824281 0.077670 0.076677
3 0.752427 0.861022 0.080906 0.073482
3 0.724919 0.857827 0.064725 0.067093
4 0.838188 0.848243 0.038835 0.028754
4 0.870550 0.803514 0.045307 0.035144
4 0.747573 0.739617 0.045307 0.035144
4 0.690939 0.640575 0.042071 0.035144
4 0.462783 0.621406 0.038835 0.035144
5 0.336570 0.523962 0.045307 0.044728
5 0.220065 0.265176 0.045307 0.044728
